3   14
9   28
9   22
13   3
10   4
0   14
7   21
27   9
12   23
23   6
2   15
29   8
9   12
25   12
20   25
29   18
20   19
26   15
20   15
7   2
2   19
14   22
21   13
0   25
16   14
2   2
3   29
12   22
23   27
12   9
28   1
10   27
0   4
20   7
18   16
2   20
25   11
23   20
9   6
25   3
24   4
16   1
11   20
12   0
16   8
21   8
0   20
5   9
22   27
13   22
1   11
16   23
18   5
4   3
26   4
20   18
1   4
10   5
27   8
12   24
29   13
6   5
28   5
15   9
5   3
0   21
15   17
22   16
29   17
7   8
15   21
27   29
24   17
11   24
16   17
23   5
21   23
17   16
10   12
4   25
15   22
20   20
22   15
29   29
25   15
25   16
1   29
14   25
6   26
8   10
18   26
26   0
23   11
1   21
15   13
10   22
27   3
29   4
25   26
21   5
23   8
0   13
14   4
17   19
22   19
21   29
2   21
12   21
9   13
27   1
22   2
28   6
7   0
22   23
1   12
3   10
14   8
18   14
19   2
13   23
10   9
8   9
11   3
27   14
4   6
17   28
12   11
7   29
23   15
7   20
26   20
17   2
16   27
24   24
11   26
20   0
9   15
3   19
24   3
25   22
8   3
29   28
7   22
26   28
19   24
10   15
24   18
6   0
26   14
27   19
13   17
25   29
10   6
16   26
3   4
18   24
25   19
4   5
7   19
5   5
27   20
7   10
10   11
24   9
18   7
8   14
24   8
9   23
6   7
6   18
21   28
26   12
25   5
27   21
5   12
10   24
13   5
3   28
16   25
19   9
3   23
3   20
5   29
19   28
5   20
29   15
29   20
5   11
5   17
11   16
14   13
25   25
14   19
13   0
15   3
18   23
21   10
29   24
28   22
17   21
12   14
23   3
20   2
2   25
8   28
19   25
7   26
3   9
5   2
25   2
18   19
4   4
17   17
2   22
4   7
7   28
29   12
19   15
9   16
28   3
11   17
7   1
10   29
28   18
21   16
12   10
4   2
9   7
15   2
8   23
16   28
10   28
11   21
0   9
12   17
10   1
29   25
3   0
21   18
28   10
8   27
26   13
22   18
18   0
21   4
8   0
26   17
15   12
10   14
0   0
29   0
8   8
25   18
0   17
9   9
17   6
27   10
15   10
5   26
14   5
28   0
24   13
27   22
19   14
25   8
18   3
15   6
15   25
3   15
6   9
24   27
16   4
17   3
23   1
20   12
6   24
14   16
2   26
4   22
8   5
11   4
24   1
20   22
27   15
5   14
9   29
12   4
13   28
19   11
4   17
5   10
14   26
21   21
14   27
2   12
2   24
26   3
8   2
2   23
13   29
24   12
9   4
22   13
27   17
18   11
24   16
19   0
12   27
1   3
24   29
20   24
6   11
16   16
24   7
15   26
24   19
23   0
6   20
14   21
10   10
1   0
28   20
21   22
27   24
25   27
13   12
20   17
6   15
8   15
11   11
24   0
1   14
21   7
7   25
6   27
18   22
14   17
7   17
28   9
8   24
21   0
2   13
7   5
24   23
15   18
24   2
1   22
27   16
0   28
8   17
16   12
15   15
8   25
18   15
0   27
22   14
1   6
11   5
23   12
17   20
9   2
14   10
20   23
29   6
0   24
26   26
19   7
26   21
13   15
27   27
3   7
26   6
21   3
24   6
14   18
0   11
22   25
23   10
18   25
6   1
19   8
24   21
8   1
2   17
26   25
16   13
18   1
13   27
26   29
20   4
21   12
17   4
9   25
3   27
9   26
19   1
5   27
18   10
18   9
2   1
2   29
29   27
17   22
5   6
9   10
20   16
0   3
4   10
3   5
2   27
20   5
1   16
19   5
12   7
9   14
15   7
8   26
21   11
23   9
6   6
14   14
25   14
11   1
17   0
13   6
15   0
28   12
16   2
10   7
8   12
19   10
3   26
15   28
1   19
6   29
28   19
3   1
26   11
1   7
15   8
13   16
27   6
26   16
3   16
15   1
18   20
13   14
19   22
17   11
25   7
4   16
11   6
25   23
14   24
7   12
18   17
6   22
17   1
5   19
20   28
12   3
29   26
11   19
19   17
5   24
16   21
14   23
13   19
24   5
0   22
21   26
13   10
9   0
25   0
24   15
5   28
21   17
22   26
1   24
3   21
7   27
6   3
12   2
6   28
21   6
2   11
15   20
14   28
5   4
12   28
12   25
12   8
10   17
12   1
26   10
0   18
13   21
29   19
16   20
10   3
7   9
13   9
6   23
20   8
19   29
23   7
29   7
0   19
12   29
23   4
6   13
26   5
23   29
7   6
27   11
9   19
0   1
14   6
4   26
2   5
8   11
26   1
8   6
17   27
20   3
15   19
13   7
26   18
0   10
20   14
21   15
20   29
22   0
29   16
20   26
2   7
21   1
0   12
12   6
18   8
13   13
8   18
18   4
3   6
2   14
19   16
7   3
1   8
0   6
9   20
14   12
29   2
13   20
13   25
18   29
6   4
23   14
27   28
9   17
10   26
17   24
25   21
26   27
16   0
18   21
15   16
12   18
7   18
3   8
10   21
4   13
18   2
0   15
29   5
17   13
6   16
28   2
20   9
11   22
10   25
7   4
22   24
17   26
4   29
28   29
0   29
11   14
1   13
24   22
14   3
22   28
6   2
15   5
3   17
6   17
16   7
28   16
9   1
4   11
1   17
10   19
11   2
13   18
15   4
27   5
1   10
28   4
12   12
2   9
17   14
0   8
12   26
27   4
28   24
25   10
27   26
18   18
10   13
11   15
28   21
18   27
25   24
14   11
3   11
22   17
5   16
24   10
1   27
1   18
26   9
7   23
0   26
13   2
25   17
8   22
1   15
29   23
17   12
7   13
28   15
24   20
16   9
21   20
17   29
11   12
19   4
6   25
0   23
17   8
6   8
2   4
20   10
1   25
7   16
9   11
26   23
27   13
4   14
1   2
1   28
26   24
5   7
22   22
17   7
8   20
20   27
5   8
15   11
27   2
19   21
29   3
10   20
25   4
15   14
16   22
14   1
10   8
25   28
23   17
4   24
7   14
9   8
23   24
8   21
14   0
19   12
17   5
23   16
4   9
4   20
8   19
28   23
0   5
4   18
9   5
22   11
25   1
21   14
26   7
12   16
27   23
29   1
21   24
16   24
5   1
28   8
13   11
21   25
19   27
6   19
10   2
17   10
22   5
22   9
15   27
11   23
9   18
26   8
15   23
4   15
1   1
21   27
3   22
22   29
20   13
28   14
6   12
19   19
23   28
3   3
24   26
16   6
11   18
22   1
2   28
11   29
23   25
3   12
12   20
26   19
7   24
8   13
6   21
16   29
9   27
25   20
24   25
8   7
6   14
23   19
10   18
23   18
5   18
8   29
7   7
16   10
2   10
24   11
16   15
14   9
29   21
4   19
11   27
15   29
3   2
19   23
20   1
14   7
6   10
28   25
24   28
27   18
5   0
18   6
4   1
0   7
19   18
27   0
4   28
9   24
24   14
13   24
11   25
14   2
16   18
8   4
29   22
14   20
22   20
28   26
19   20
25   6
22   6
19   6
29   10
29   14
10   23
28   17
1   23
4   27
20   11
4   0
1   26
4   8
9   21
26   22
14   15
19   3
4   12
28   7
2   18
2   6
19   26
13   4
11   9
28   27
3   24
3   18
7   15
22   8
17   18
1   9
28   11
22   7
23   23
2   8
23   22
22   3
2   3
4   21
1   20
23   21
22   12
5   25
1   5
18   12
26   2
23   2
23   26
10   16
9   3
12   5
25   13
0   16
16   19
11   0
10   0
11   28
3   13
27   7
27   12
11   10
12   19
4   23
5   13
21   2
28   28
28   13
11   7
5   23
7   11
18   28
2   16
17   23
5   22
21   9
16   3
18   13
27   25
0   2
11   13
15   24
16   5
29   9
11   8
23   13
5   21
20   21
17   9
3   25
13   26
22   21
21   19
22   10
20   6
13   1
22   4
17   25
29   11
12   15
14   29
12   13
16   11
5   15
25   9
19   13
2   0
13   8
17   15
