0
2.0203305867699065155e-06
1.0193612376774351709e-06
6.8606845384794912087e-07
5.2054743889374094775e-07
4.2079900059326386969e-07
3.541010657253699784e-07
3.06909970525416268e-07
2.7148413451397795853e-07
2.4409411244117271444e-07
2.2197816963312238168e-07
2.040453000445795042e-07
1.8914699150014176074e-07
1.7661021928543932163e-07
1.6581585173525000536e-07
1.5650131920340000559e-07
1.4849960824192700308e-07
1.4141028325444032088e-07
1.3523366378248787227e-07
1.2967538934525032132e-07
1.2468464904834094296e-07
1.2028638983066441026e-07
1.162054616071436663e-07
1.1259385323049963987e-07
1.0927910156981051621e-07
1.0630227377334450097e-07
1.0357555765126417279e-07
1.0109721304222260753e-07
9.8808522478543593232e-08
9.6732403627076214005e-08
9.4833485897157854339e-08
9.3092260896714752449e-08
9.1472415455203509704e-08
9.0031362975408278278e-08
8.8716239305297347655e-08
8.7428846559697261452e-08
8.6298473307408126894e-08
8.531010711450426163e-08
8.4361108315533409597e-08
8.3543937164556630955e-08
8.2793173331500357512e-08
8.2122360426079418018e-08
8.1515194602622610722e-08
8.0971912338730994002e-08
8.0538172218853982204e-08
8.0162514965979956115e-08
7.9817992582938163795e-08
7.9590658893643295586e-08
7.9394969000477353299e-08
7.9296484676490850152e-08
7.9217455233103384375e-08
7.9215616481875650153e-08
7.9288506170379324895e-08
7.942260089505382659e-08
7.9586174259114543237e-08
7.9826403187812161111e-08
8.0149311750740218632e-08
8.051832876024361429e-08
8.0972672841441280292e-08
8.1523940050719264196e-08
8.2112967051884025341e-08
8.279131592853393581e-08
8.353915632256739261e-08
8.439828146584105498e-08
8.528171849214142042e-08
8.632733444062058011e-08
8.7438417569511121155e-08
8.8667712127328769766e-08
9.0004452059892245473e-08
9.150908678448560913e-08
9.3110949057103764466e-08
9.4806270780691151765e-08
9.6756242111510127954e-08
9.8885642781058438944e-08
1.0112123737786799748e-07
1.0356525988968809821e-07
1.0633865022687877855e-07
1.093314441388081701e-07
1.1256253628499122097e-07
1.1620623143569948677e-07
1.2019386074629340559e-07
1.246471939029177489e-07
1.2967819776504924189e-07
1.3527592263984766406e-07
1.4142928294246302018e-07
1.48575329659806473e-07
1.5656384939684955348e-07
1.6586568741811458775e-07
1.7661184132099181656e-07
1.8911107867866717286e-07
2.0403060424744564257e-07
2.2194979122868892503e-07
2.439188886484871201e-07
2.7186704833274137927e-07
3.0714157918649938989e-07
3.541129779701167724e-07
4.2127444363341794455e-07
5.1985251780152463103e-07
6.8768483687534115297e-07
1.018821193330099751e-06
2.0223121701031478524e-06
