0
4.5741352703412117009
17.328721459020883344
30.809655213931343098
41.834016040368801725
56.219288368743384865
68.943490617761440831
82.63700690614081168
96.252544484297501981
111.52945036419477276
128.4895847598471903
143.97144436296804315
157.0754763287082767
170.02920748692108077
185.17995213129458421
203.02282646382840881
222.28355593750015373
239.73627362606015367
257.10516309728870965
272.46981586428637456
284.95085301589807614
298.20564767353005209
312.73822545795741235
327.61312400053481042
338.97946458326794072
348.59716280494910734
361.26992034849007496
375.61971332866170314
390.72260356748904542
404.57391971903115291
417.55582569122179848
432.56968299809739165
448.54914601941385399
463.679057805879836
480.81808847510870919
496.37579684651211664
511.47447592512116898
528.01455860657938501
541.02062533239086406
553.29665569645169398
565.83056313739689358
578.34461012415658843
589.45652518682391019
602.0434118031117805
612.23522525241264702
624.55994987748169933
638.93669023124971318
653.68958006870377631
667.71143082815865455
681.45797859410765795
694.80907619560946387
708.30436164654599906
722.78350340363260784
738.71787425210095535
755.78427024072732365
772.56687970527991638
788.19443760643002861
801.1479003046509888
810.72897583425378798
823.90917337496728123
836.64284088400336259
841.69267442583873162
846.45423087586664224
851.19520069228622106
855.77113861173120313
860.17766519031408734
864.47819369334069961
868.45679356619882583
872.14837061432820065
875.5293373288075145
878.3357977860525807
880.6109844175005037
882.28703295123966655
883.32103977197004951
883.64284376246644115
883.19420419616119489
881.36656715847459509
878.09421161679574652
873.34152982513739971
867.08542440920712124
859.25120971676017234
849.79158418144288589
838.65597794191648973
825.81218045135244665
811.2014851492518801
794.76046853330319664
776.41005579194620623
756.06873853161300758
733.69141720300353882
709.19422054565097824
682.50536479722893546
653.50923984838641445
622.10221035007043611
588.21132494652101741
551.69285428833848073
512.31444886855729237
469.91028656280866471
424.34574309765440603
375.30580862517172136
322.30644138617435601
264.7872150877917079
