0
0.0019361090268664006911
0.00086021510680792914912
0.00059826504925328781448
0.00046264169226751118268
0.00036989088640718224398
0.00029511583510634701276
0.00025598361844638388559
0.00023285597962936736426
0.00019938191672064982407
0.00018340210963832588738
0.00016732201160094822422
0.00015154959489496703661
0.00014038043119853367406
0.00013254688865591235337
0.0001226467162879701445
0.0001151476770227775621
0.00010680907887323398036
0.00010020542119717595333
9.8439730354713336638e-05
9.2872068792120045775e-05
8.7439339014217090434e-05
8.2443629215309219716e-05
8.2017633837223454462e-05
7.6884634643695714228e-05
7.2862399391029750899e-05
7.1232681584307614396e-05
6.8453297764420179797e-05
6.5417198204771511566e-05
6.4443370410583762772e-05
6.1688411851461540992e-05
6.0516203231870542806e-05
5.8566868739163330975e-05
5.6052240702989012354e-05
5.4907343871083376711e-05
5.36696632358397402e-05
5.1836300973079774829e-05
5.0858232687314369551e-05
4.8996790719911900193e-05
4.8549581269361296687e-05
4.7133127527512995176e-05
4.608188752225711801e-05
4.4753742539108687924e-05
4.3928045867855951203e-05
4.3150877048317677414e-05
4.2234188581965739957e-05
4.1056802091417238839e-05
4.0174356713520380897e-05
3.9632998439653243457e-05
3.8820629287364219766e-05
3.7835076904263704805e-05
3.7296037300323410112e-05
3.6227290021614672012e-05
3.6159172682137961301e-05
3.524788072474292842e-05
3.4897314655216421075e-05
3.4007243546214081277e-05
3.3577892318819115881e-05
3.305402680984757417e-05
3.2690956049841419855e-05
3.2267953085304486337e-05
3.1648073426209522301e-05
3.1302333591444642016e-05
3.0643357288711181184e-05
3.0234773014691556156e-05
2.9769435722467691509e-05
2.9355212753912312672e-05
2.8964099001226049684e-05
2.869646316292351538e-05
2.8426453659645187748e-05
2.785398938937525676e-05
2.7681277769620809637e-05
2.6974172231694282177e-05
2.6724748454847026085e-05
2.6391839644785853995e-05
2.6285699266845795693e-05
2.5832784388124500224e-05
2.5586899508910955232e-05
2.5292443883747860981e-05
2.4872218976327090112e-05
2.4715463230788437503e-05
2.4425094343204371746e-05
2.4052627149406208225e-05
2.3887157071064864505e-05
2.353744218728905506e-05
2.3383881491578338579e-05
2.3026353662777201151e-05
2.2755458466570105657e-05
2.2773596293465366626e-05
2.2364110076994948211e-05
2.2186969593591326038e-05
2.2173194825593913159e-05
2.19652290432506885e-05
2.1573343977050580097e-05
2.1383284687095707033e-05
2.1196994266925205444e-05
2.1013038591322652786e-05
2.0840931590382333989e-05
2.0713153889178702853e-05
2.0341120593085658326e-05
2.0340706840254365852e-05
2.0172067738579620437e-05
1.9915756351220351096e-05
1.9699193318754114183e-05
1.9621116245975140345e-05
1.9355275764848358305e-05
1.9350781288442795125e-05
1.9160208080447260965e-05
1.8873444120956716475e-05
1.8617986837568281059e-05
1.8622494111239251577e-05
1.859064332967371591e-05
1.831518603691219705e-05
1.8206811168467270561e-05
1.8070601841975851039e-05
1.797381215615118799e-05
1.7880930881721337366e-05
1.7630931707140071266e-05
1.7589376017311438163e-05
1.7499190662977261195e-05
1.7295801444612175497e-05
1.7159281026565678853e-05
1.6978649348861033793e-05
1.6916323406686825691e-05
1.6728142591048255467e-05
1.6759261587404105325e-05
1.6644889603092117539e-05
1.6534528228951151247e-05
1.6374517975590793806e-05
1.622546911912568806e-05
1.6110193725376411634e-05
1.6230736145286884576e-05
1.5999104050419688655e-05
1.5867600739826847044e-05
1.5789182831225637333e-05
1.5704874007988779276e-05
1.5631716753576439674e-05
1.5504236532964367018e-05
1.535237539659514808e-05
1.5318040822808547775e-05
1.5240301453507892483e-05
1.5178307163679873379e-05
1.5100379774749169288e-05
1.4905906465803824877e-05
1.4847038387181788431e-05
1.4740891971563241722e-05
1.4730686229378513793e-05
1.4564626890997661019e-05
1.4547464740866876862e-05
1.4517053909308723903e-05
1.4406834602676986653e-05
1.4289286607508596639e-05
1.4342160933547618804e-05
1.4196983141278869843e-05
1.4168219267605071894e-05
1.4004915725603215069e-05
1.3947293179301738751e-05
1.3813967302658766722e-05
1.3820267422409372967e-05
1.3692721634032542705e-05
1.3726364915698065564e-05
1.3549309324113291891e-05
1.3528596070107739931e-05
1.3455056746901354595e-05
1.3369609540783710622e-05
1.3329512206599851415e-05
1.3308756496564683099e-05
1.3236004579777041533e-05
1.3265150460086139793e-05
1.3080530284872055689e-05
1.3047591088612618367e-05
1.3002125847696413387e-05
1.2881203104525725239e-05
1.2837217661534210234e-05
1.2881203104525725239e-05
1.2729529325904506907e-05
1.2691563283441753587e-05
1.2651261647170592225e-05
1.2669052671738720634e-05
1.2571263349321852356e-05
1.2485407679910426099e-05
1.2433248994703359518e-05
1.2439590239972946235e-05
1.2337834586818278456e-05
1.230534482658429045e-05
1.2224116960525212197e-05
1.2215157789353003987e-05
1.2160494202685331617e-05
1.2081453157358635955e-05
1.2033911562845385791e-05
1.1983438887626759106e-05
1.1974542123628055337e-05
1.1917317650174269076e-05
1.1855294278225435718e-05
1.1888839352151534215e-05
1.1758549935750610668e-05
1.1755232547975281491e-05
1.1687226446093974174e-05
1.1671948223327504571e-05
1.1608806440667025097e-05
1.1572667673678308338e-05
1.1514568808282247661e-05
1.1486133365562825265e-05
1.142119659885107643e-05
1.1397245285848569215e-05
1.1363959203523409065e-05
1.136331354245288004e-05
1.1277326371478024373e-05
1.1238038512935865276e-05
1.1204544563470046552e-05
1.1184493817934292734e-05
1.113331589114304177e-05
1.1136415522042107689e-05
1.101861595169924412e-05
1.1003702746039472371e-05
1.0961486816190356709e-05
1.0989312893317872876e-05
1.0924007144396222121e-05
1.0901024151225213724e-05
1.0846516370118926097e-05
1.0816131178244340946e-05
1.0773714292052208186e-05
1.0724723168157148509e-05
1.0783356966915402824e-05
1.0701195858750983791e-05
1.068085083676812722e-05
1.0636204576770154112e-05
1.0634960305106439148e-05
1.0603498094198903946e-05
1.0541128849681417366e-05
1.0522937372881765655e-05
1.045789911270998431e-05
1.0455930865520894523e-05
1.0436180149385951423e-05
1.043073729671754841e-05
1.0359634719278008218e-05
1.0342598577932107356e-05
1.0330205003084933098e-05
1.02902361095321804e-05
1.0219567405705223307e-05
1.0199034151518320633e-05
1.0196226376605893531e-05
1.0159452608709462008e-05
1.0108004023103348522e-05
1.0107595352584451551e-05
1.0102387699385879829e-05
1.0069023153702143824e-05
1.0050402769933765453e-05
9.9786954851845560834e-06
9.959316193472077998e-06
9.9485164275325856223e-06
9.9155689307455246626e-06
9.9316207909439734828e-06
9.8720093983023891616e-06
9.8690865667543225002e-06
9.8637325350705731635e-06
9.8304734848810964827e-06
9.7947509929518836695e-06
9.8046424982216497909e-06
9.7643377093944066424e-06
9.7385681384103007087e-06
9.727484521239085748e-06
9.6848079262065059569e-06
9.6827448644793594131e-06
9.6194081179471440632e-06
9.6478068124300088963e-06
9.5985410219021325719e-06
9.6194081179471440632e-06
9.5466760862159538839e-06
9.5449447587858659707e-06
9.5264860128575343034e-06
9.5446714486887708175e-06
9.443271904941813829e-06
9.4619464171024428311e-06
9.4481790996475305467e-06
9.4195219593292729568e-06
9.4034012102133298906e-06
9.4039317839160598494e-06
9.3593961317935082597e-06
9.3245744498209998222e-06
9.3533557503822285811e-06
9.3280536549374074576e-06
9.2914783207356362797e-06
9.2452629585508457619e-06
9.2438101137036565936e-06
9.2684848345047478942e-06
9.2193514186084694401e-06
9.2241136781324693659e-06
9.2201164500320646354e-06
9.1705679791319871243e-06
9.1610745941385417717e-06
9.1664489635767395175e-06
9.1111607163823611714e-06
9.0933477615396842559e-06
9.1039442838188665654e-06
9.0899587770606747367e-06
9.0408147582963898221e-06
9.0447398055062066483e-06
9.0066964788840497949e-06
9.0270223915248374371e-06
8.9926844513289350017e-06
8.9648711524840910708e-06
8.9988346509749394153e-06
8.9156357963337501095e-06
8.9320405693624550146e-06
8.9023016900699669044e-06
8.946984642530085116e-06
8.9288504552571885584e-06
8.8661521343625209206e-06
8.844978484739914092e-06
8.8470912975151549024e-06
8.8292034734044915785e-06
8.837162033748164388e-06
8.7914792982509950203e-06
8.7890067105352155896e-06
8.7985183296506860661e-06
8.7710450262262145782e-06
8.7533864664643372665e-06
8.7543060243935527041e-06
8.7596739649963167477e-06
8.7229207829163534394e-06
8.7345017186254834989e-06
8.7312224149020999716e-06
8.7113705164949420217e-06
8.6838346077419123942e-06
8.6744187054715634608e-06
8.6456950922651395873e-06
8.6356904450044394368e-06
8.6614957537574009222e-06
8.6041119051997344037e-06
8.6321123210142428831e-06
8.6105574044775218625e-06
8.5837278272053215415e-06
8.5724695142426823868e-06
8.5937600708963251715e-06
8.5488717626649329985e-06
8.5488717626649329985e-06
8.5452191634636498452e-06
8.5209722429488278061e-06
8.5119784818696887096e-06
8.5060414160343521164e-06
8.4779890211513807339e-06
8.4834551416470221848e-06
8.4769828723013946757e-06
8.4817282370214641115e-06
8.4840309328396218077e-06
8.4347257660944674452e-06
8.4336587319735489029e-06
8.4106057738534077933e-06
8.4002906500934375052e-06
8.395142570508797806e-06
8.4166936703332798715e-06
8.4164811534526251215e-06
8.3850762412641532425e-06
8.3523000147125536601e-06
8.3442155811351764668e-06
8.3451904580616505106e-06
8.3563481087262684547e-06
8.3504866246531738946e-06
8.3356603720013420285e-06
8.329480948338239277e-06
8.3009940441241053728e-06
8.266273191998991298e-06
8.2854503350375587756e-06
8.2919083413736489413e-06
8.2949346980865136807e-06
8.2897774609158973589e-06
8.2858622476813978782e-06
8.2604691121154443629e-06
8.2617657872732044616e-06
8.2422903677259675315e-06
8.2402528110747910359e-06
8.2527657080782045501e-06
8.2459605100789998175e-06
8.2261534096050152891e-06
8.2164880266371352147e-06
8.2270332083730658555e-06
8.2126417194299905326e-06
8.2004518448818797759e-06
8.1961502681921180781e-06
8.1854830458635103127e-06
8.179457293089719612e-06
8.1912492885372294708e-06
8.1805948111903579442e-06
8.1631653489739601124e-06
8.1559748632633301621e-06
8.1543786975356631364e-06
8.1541792207284883632e-06
8.1422284464805868073e-06
8.1401075307625924419e-06
8.1572389377895335063e-06
8.1209369938187160826e-06
8.1297177769596539853e-06
8.1063882393117354561e-06
8.1107934384352068394e-06
8.0990350000344494603e-06
8.0888806202859322438e-06
8.1199478699633643129e-06
8.1072426051802540454e-06
8.0797960660120787346e-06
8.0877684633665360804e-06
8.0784906148203385675e-06
8.0919569994170537834e-06
8.0864604349343152879e-06
8.0609732014416303486e-06
8.0777727965965474914e-06
8.076989867426375745e-06
8.0465735677985594787e-06
8.0822122632689088253e-06
8.0570114127204603915e-06
8.0460556225050273933e-06
8.0549995369418650313e-06
8.0525995804970409997e-06
8.0555186344109370154e-06
8.0560377989366699234e-06
8.0452788292412714472e-06
8.0364210602264741574e-06
8.0251991252611003925e-06
8.0260364622908188356e-06
8.0251347219623358321e-06
8.0205003991359504606e-06
8.0138800402164449337e-06
8.0215297858928643428e-06
8.0210150595411808288e-06
8.0102210420072259039e-06
8.0206290580755943814e-06
8.0016963595726188409e-06
7.9964495763456517561e-06
7.9906988266973912109e-06
7.9969611548087895749e-06
8.0052834872127020003e-06
8.0326769297718281058e-06
8.0147792530415985584e-06
8.0186996076288312657e-06
8.0208220541455068058e-06
7.9915928444072853584e-06
8.0002880103015528357e-06
7.990315737311827753e-06
7.9967053574726891475e-06
7.995362689573809131e-06
8.0077835657682692636e-06
7.9792857740674867677e-06
8.007014144518682545e-06
8.0020805409604508026e-06
8.0024007202792962979e-06
8.0190854232453178638e-06
8.0051553200959456986e-06
7.981196301656004943e-06
7.9678417905182676424e-06
7.9832352061909289388e-06
7.9841913013102336875e-06
8.0137515977676887296e-06
8.0031692551374639718e-06
7.9821519082830267721e-06
7.9712715374269874086e-06
8.0014402593713110671e-06
7.9809415117242051468e-06
8.0176709467269979738e-06
7.9862317366023342436e-06
7.9829165585174045422e-06
8.0064371755583098837e-06
8.0068218121321151911e-06
7.9894220053699164369e-06
7.9906988266973912109e-06
7.9777580107951318739e-06
8.0064371755583098837e-06
8.0214654416572548788e-06
7.9832352061909289388e-06
8.0031692551374639718e-06
7.9832352061909289388e-06
8.0194712763868937667e-06
7.9911458104615986248e-06
8.0108627300100033975e-06
8.0118254544135048646e-06
8.0129810292274129775e-06
8.0017603873984694646e-06
8.0221732870900830262e-06
8.028549522084019047e-06
8.0387467593739316983e-06
8.0627930321558060369e-06
8.0245551386802181762e-06
8.0255211572978591919e-06
8.0340321603593362081e-06
8.0284850650511072279e-06
8.0247483239298571722e-06
8.0131094470295161905e-06
8.0429493496079679303e-06
8.0461203619752716046e-06
8.0358398458243381925e-06
8.0565570302970208443e-06
8.058699567611382706e-06
8.0592191422485440737e-06
8.0265518334522762301e-06
8.0929393152455578647e-06
8.0638333045181608509e-06
8.0817550340460485287e-06
8.0726213012212777101e-06
8.0983791095642058576e-06
8.0849567252791889693e-06
8.0711227336127994197e-06
8.0884880594799234968e-06
8.0892077834894498916e-06
8.102644298077482028e-06
8.1050084899675582103e-06
8.1069797042789522117e-06
8.1076369887282848749e-06
8.0980512040745829879e-06
8.1274712593745195737e-06
8.1279336761624163546e-06
8.1523179079236620227e-06
8.1264145041751561631e-06
8.1457436452952032931e-06
8.1411678506225532593e-06
8.1244998355438013217e-06
8.1440851545806764697e-06
8.1528496247003629622e-06
8.1648316207023996196e-06
8.1601677730491441247e-06
8.1531819832402614262e-06
8.1913163856483777473e-06
8.1613665392336338906e-06
8.1875606391611956809e-06
8.1551767022407511688e-06
8.22439437627729266e-06
8.1969564700173619517e-06
8.2248002402789487352e-06
8.2406602418038315356e-06
8.2264917714911459524e-06
8.2294705570691369139e-06
8.2403207133097529325e-06
8.2474566906876971951e-06
8.2415431464934536712e-06
8.2382162613834515732e-06
8.2726328894674685697e-06
8.2871669076860962193e-06
8.2896400224399835623e-06
8.2841462152606689398e-06
8.2822936984778368005e-06
8.3177721679308838626e-06
8.3064412300026466141e-06
8.3244885643258689306e-06
8.3274000608870382022e-06
8.3444244643015504114e-06
8.3574655151036814673e-06
8.3619381299623650277e-06
8.3623576830656599738e-06
8.3694264852026823944e-06
8.3673255935594410197e-06
8.3859200403245232026e-06
8.3755250408731900567e-06
8.3799467874347451768e-06
8.3973984858956744135e-06
8.4132239053016165506e-06
8.413294688307300785e-06
8.4368606441227329807e-06
8.4306013969445363869e-06
8.4613464540084592602e-06
8.4784203007262404938e-06
8.4818001773089636867e-06
8.4881357082754742049e-06
8.4912349228279530616e-06
8.5058967130166141213e-06
8.5078506191962431496e-06
8.5357369970145390286e-06
8.5590424143609339066e-06
8.5506992334248262052e-06
8.5325324131199718324e-06
8.5796037082459244635e-06
8.5701920151458193273e-06
8.6018175640144852541e-06
8.5934646701774855136e-06
8.5939816346469395013e-06
8.6114471968269353311e-06
8.6130789603756274304e-06
8.6076668489210744241e-06
8.6644976542370031767e-06
8.6364362610783540925e-06
8.6715603172006409889e-06
8.6888899508270896714e-06
8.7047732625806773622e-06
8.7100047469038803966e-06
8.719498105759662684e-06
8.7435898558271994214e-06
8.7079568957531557722e-06
8.7367910639904350118e-06
8.7603646064854156844e-06
8.8116207655485049617e-06
8.818381033587502314e-06
8.811077286412779687e-06
8.8123196228017545078e-06
8.8470912975151549024e-06
8.8501449211603483994e-06
8.8366153996224081519e-06
8.876146687257775077e-06
8.9120602454870137424e-06
8.9314023642452222289e-06
8.95162986801824796e-06
8.9553976421267825913e-06
8.952751852249253323e-06
8.975814667443381565e-06
8.9746063512943044266e-06
9.0102671995216825816e-06
9.03991574800854021e-06
9.0493233368932647089e-06
9.0425315472500352463e-06
9.0430221781235069857e-06
9.0878109735513620571e-06
9.0793123330200706532e-06
9.0964910285755818889e-06
9.0944228453326767241e-06
9.1635090742104903397e-06
9.163425105037832855e-06
9.1704838807311466484e-06
9.1922325635205325744e-06
9.222752530613438613e-06
9.2405642288326498304e-06
9.2317776250523973574e-06
9.2027221652633643938e-06
9.2815607872257871675e-06
9.307303906735022372e-06
9.2474003246118437465e-06
9.3062645120681143293e-06
9.343916876566832157e-06
9.3703587443095900678e-06
9.3946553806434370914e-06
9.4021634379764915432e-06
9.4149990350331228597e-06
9.461140729881349401e-06
9.4393498175686015321e-06
9.4841117418696746581e-06
9.5043934059481234827e-06
9.516785230011057256e-06
9.5334791957473205375e-06
9.5825367851346173327e-06
9.5781312108034431107e-06
9.6193155857449490177e-06
9.6174653171730760474e-06
9.6158006836519912771e-06
9.6857459720882656761e-06
9.7165205139926593358e-06
9.733070540488985664e-06
9.7020029785535182753e-06
9.763003099790528092e-06
9.7956145035276545764e-06
9.7730215741235397335e-06
9.8131093327825844155e-06
9.8123390163147364003e-06
9.8545954443653291708e-06
9.9001569174585124717e-06
9.8927135219475973392e-06
9.9188145034543497426e-06
9.9443612986536180894e-06
9.9965511898420227489e-06
1.0035173282443394995e-05
1.0046464900171434828e-05
1.0071152693895520975e-05
1.0103102157543605394e-05
1.0092803326725159044e-05
1.0138234832016422186e-05
1.0148214675436578215e-05
1.0192277311598839783e-05
1.020507089987160741e-05
1.0250680388971146535e-05
1.024878936192321496e-05
1.0314116415492119365e-05
1.0387290111918574064e-05
1.0325511758246807775e-05
1.0398415281655349493e-05
1.0437051533027353909e-05
1.044468235126813692e-05
1.0498963227517899124e-05
1.0499183688628542819e-05
1.0553588483928156571e-05
1.0554925192108533991e-05
1.0629082232068693035e-05
1.0615992993528540063e-05
1.0661492289192348257e-05
1.0680964918514919694e-05
1.0692728410213123293e-05
1.0772205555405463552e-05
1.0812271928648314396e-05
1.0844751953546595872e-05
1.0885005360897798102e-05
1.0830891869910999153e-05
1.0942176070623893809e-05
1.0967618107717167091e-05
1.1042951560126159228e-05
1.1043317412764264124e-05
1.1105990015901694463e-05
1.1091823662280320378e-05
1.1146594436919971663e-05
1.1163642249979862522e-05
1.1227944107328401995e-05
1.1284325507728956546e-05
1.1266907403106177625e-05
1.1334463001515286145e-05
1.1389456779928147352e-05
1.1389975682489708592e-05
1.1430988266135210928e-05
1.1480463122009246506e-05
1.1513640785983861173e-05
1.1592119677092929317e-05
1.1570926889210858755e-05
1.1581245331545785232e-05
1.1689958909940327496e-05
1.1733852752006592595e-05
1.1760209331952975318e-05
1.178362900445984646e-05
1.1881917504058582151e-05
1.1909511531495286922e-05
1.1955930440528243254e-05
1.1971675016987353359e-05
1.2035359887528129986e-05
1.2083204949331776714e-05
1.2144249394536514e-05
1.2242524408725185265e-05
1.2265047680421750035e-05
1.2262791624769842663e-05
1.2321720112355949735e-05
1.2370955470890869707e-05
1.2513373668262559992e-05
1.2515722877000445707e-05
1.2568735271156382803e-05
1.259041491718306117e-05
1.2626501764660293719e-05
1.2694785616907193788e-05
1.2716255825730103296e-05
1.2809427738928707413e-05
1.2900146416833301887e-05
1.2928164653329448963e-05
1.2998407695175386213e-05
1.3032117654235088919e-05
1.31263741674756719e-05
1.3216237469481487469e-05
1.322217888312731833e-05
1.3253722639489439681e-05
1.3275540480717404381e-05
1.3420026706019567671e-05
1.3445649324251257342e-05
1.3515431243926001148e-05
1.3564747933256108073e-05
1.3711872425030689047e-05
1.3743720837820891292e-05
1.3807863578609719924e-05
1.3886285210567200221e-05
1.3924764497706292843e-05
1.3941071092621104677e-05
1.4067368628702611608e-05
1.4140771379356228848e-05
1.4270322723620039904e-05
1.4347922779827078577e-05
1.4401025353338970533e-05
1.4440120430952418907e-05
1.4532454604600339955e-05
1.463710946377868769e-05
1.4718327998167016573e-05
1.4755029621055625456e-05
1.4810316866995026843e-05
1.4949359046613904341e-05
1.5089442671642789795e-05
1.5115444205342927532e-05
1.5153237110604544536e-05
1.5422221879797872612e-05
1.5463957381584553496e-05
1.5507362120471526918e-05
1.5561659184490208224e-05
1.5648105405931982055e-05
1.5927751718547000087e-05
1.5882974246038906107e-05
1.6045569417555031544e-05
1.6109155638940789412e-05
1.6138012281478958469e-05
1.6338667908867693775e-05
1.6489813418032512769e-05
1.6608123033319325786e-05
1.657096931918658486e-05
1.6750278473782801277e-05
1.6791906301592481754e-05
1.6904313135837327627e-05
1.7130180809426242292e-05
1.718434506200321887e-05
1.7277274337736447848e-05
1.7379969585480474075e-05
1.7613851533323931109e-05
1.7711183727328744377e-05
1.7632175193844674429e-05
1.7900135146491767164e-05
1.8075174651840325102e-05
1.8275354770829033932e-05
1.843538857251623373e-05
1.8476945392012721997e-05
1.8564069244594782814e-05
1.8841439863497186325e-05
1.8865254917402562014e-05
1.9188885797876200772e-05
1.9431624970155238441e-05
1.9606882016263125107e-05
1.9759526562299512421e-05
1.9708899554273563861e-05
1.9747040413027171918e-05
1.9987807438049791522e-05
2.0284181381929560872e-05
2.0345259046630187997e-05
2.0700719350802905029e-05
2.0710580000540826986e-05
2.1097268959304641496e-05
2.1353605023091600792e-05
2.1493589537668627459e-05
2.1676222268856163089e-05
2.1841452894341024384e-05
2.1931507901651401126e-05
2.2249168438162675651e-05
2.2348616062927292522e-05
2.2627762002267723845e-05
2.3006752482948967327e-05
2.3028474709899943168e-05
2.3380601116371644649e-05
2.3641500290754823807e-05
2.387860119267511114e-05
2.4177072883030606833e-05
2.4248008633374833307e-05
2.4756458342327797441e-05
2.4966607164250322065e-05
2.5179720254553394232e-05
2.5676248188024415522e-05
2.5909085022139972113e-05
2.624361952148860646e-05
2.6608128784842087602e-05
2.6692647511903776648e-05
2.7246100403667323673e-05
2.7493298510186932278e-05
2.78702916643192925e-05
2.8257767355760202914e-05
2.8595530520572147698e-05
2.9068499922005593757e-05
2.9414792701371499849e-05
2.9871701046137528926e-05
3.0151814387781447694e-05
3.066873169699478065e-05
3.1508467903386829878e-05
3.1752583869235610379e-05
3.245857474691940265e-05
3.2579126556492744166e-05
3.3376166082924906063e-05
3.3753565223610876365e-05
3.4165257353088000227e-05
3.4900968505484965829e-05
3.5050209428604217577e-05
3.6315435879996654399e-05
3.6555720060271518126e-05
3.7312736706932096405e-05
3.8178868001139456287e-05
3.8727417079696385813e-05
3.9664438852554643089e-05
4.045716598094800285e-05
4.1078727386723806021e-05
4.1996514295445764675e-05
4.299133725214411458e-05
4.3899119829803327948e-05
4.4878267706420975163e-05
4.6007683291249260233e-05
4.7053287857195950136e-05
4.8615668839645771542e-05
4.9631486225015592417e-05
5.1149586978200177413e-05
5.2062996237174478682e-05
5.3609242246145433122e-05
5.4844105643543635085e-05
5.6307891565982115068e-05
5.8464146878618393195e-05
6.0435741716004113058e-05
6.2152335393966692779e-05
6.4697700019424188951e-05
6.713887679170513754e-05
6.9302470660829613709e-05
7.1035340111452781667e-05
7.3672965738626406329e-05
7.7044570322023632849e-05
8.1033993804825835442e-05
8.4577324869547116661e-05
8.8008800936830057634e-05
9.2425712899026903849e-05
9.6084554481780718154e-05
0.00010150738474934127586
0.00010666097818232128788
0.00011463288830117069456
0.0001219437840666155829
0.00013452613190400171091
0.00014008545235492543394
0.0001519410471660433159
0.00016707042057073094913
0.00018180165489589602016
0.00019729703131966857058
0.00022750540423459802248
0.00025936973300636785968
0.00029846291819838466483
0.00036304229841465593962
0.00045924225835827304013
0.0006106870418797265233
0.00093327118299852589514
0.0018814680997055702617
